[?25l[0m[38;5;238;48;5;239m▌[38;5;240;48;5;238m╸[48;5;237m [38;5;238;48;5;23m▅[38;5;23;48;5;17m▆[38;5;17;48;5;23m▂▆▄▃[38;5;23;48;5;17m▆ [38;5;17;48;5;236m╴[38;5;253m▃[38;5;254;48;5;238m▃[38;5;249;48;5;17m▅[38;5;188;48;5;240m╼[38;5;255m━[38;5;254;48;5;237m━[38;5;239;48;5;145m▃[38;5;188;48;5;241m━[48;5;240m━[38;5;59;48;5;239m▁[38;5;239;48;5;238m┈[38;5;242;48;5;239m╷[38;5;252m─[38;5;249;48;5;240m╼[38;5;246;48;5;60m╹[38;5;240;48;5;246m▄[38;5;238;48;5;145m▃[38;5;254;48;5;239m━[38;5;255;48;5;60m━[38;5;250m┯[38;5;251;48;5;236m▅[38;5;248m▂[48;5;17m           [0m
[38;5;237;48;5;239m▇[38;5;238;48;5;237m▃ [38;5;244;48;5;238m▁[38;5;60;48;5;236m▃[48;5;237m▃[48;5;17m▄▄▄[48;5;237m▃[38;5;239;48;5;244m▉[38;5;240;48;5;251m▅[38;5;60;48;5;254m▇[48;5;244m▇[38;5;248;48;5;239m╼[38;5;66;48;5;240m┙[48;5;60m [38;5;103m▂[38;5;244;48;5;238m▃[38;5;238;48;5;244m▇[38;5;236;48;5;60m▆[38;5;145;48;5;238m╿[38;5;248m╏[38;5;236;48;5;244m▆[38;5;238;48;5;146m▇[38;5;60;48;5;239m▃[48;5;240m▂[48;5;103m▇[48;5;146m▇[38;5;239;48;5;67m▆[48;5;60m┈[38;5;103;48;5;239m╾[38;5;60;48;5;240m┐[38;5;238;48;5;250m▇[38;5;17;48;5;236m┈[38;5;60;48;5;17m▁▂▂▂▂▁▁[38;5;238m▁  [0m
[38;5;236;48;5;238m▇[48;5;237m▄[38;5;239m┏[38;5;238;48;5;252m▍[38;5;223;48;5;102m▆[38;5;181;48;5;242m▄[38;5;145;48;5;60m▁[38;5;240m▃[38;5;239m▄[48;5;59m▆[38;5;103;48;5;239m▗[48;5;60m▄[38;5;243;48;5;238m▁[38;5;102;48;5;60m▂[38;5;103;48;5;240m╼[48;5;60m [38;5;239;48;5;103m▆[38;5;60;48;5;239m▁┌[48;5;237m━[38;5;103;48;5;239m▗[38;5;244m┙[38;5;60;48;5;237m╵[38;5;254;48;5;243m╻[38;5;247;48;5;239m╴[38;5;60;48;5;238m▁[38;5;238;48;5;239m╶  [38;5;239;48;5;103m▆[38;5;103;48;5;240m╺[38;5;243;48;5;238m╴[38;5;244;48;5;237m╱[48;5;239m [38;5;239;48;5;60m▉     [38;5;246m▁[38;5;181;48;5;243m▃[38;5;223m▆[38;5;250;48;5;236m▎[48;5;17m [0m
[38;5;236;48;5;235m▃[48;5;236m [38;5;235;48;5;237m▅[38;5;237;48;5;248m▋[38;5;224;48;5;223m▎ [48;5;217m [38;5;181;48;5;241m▆[38;5;139;48;5;239m▃[48;5;240m▅[48;5;146m [38;5;146;48;5;139m▉[38;5;240;48;5;102m▝[38;5;243;48;5;240m▁[48;5;60m [38;5;103m╷╸[38;5;60;48;5;244m▇[38;5;247;48;5;238m▁[38;5;248;48;5;59m▄[38;5;145;48;5;60m▘[38;5;60;48;5;240m▇[48;5;60m [38;5;247m▝[38;5;251;48;5;242m▚[38;5;253;48;5;60m▖[38;5;244;48;5;239m┕[38;5;248;48;5;60m╴[38;5;103m▁[38;5;240m▗[38;5;60;48;5;238m▗[48;5;59m▁[38;5;240;48;5;60m▘[48;5;103m▝[48;5;239m [48;5;60m▅▃[38;5;59m▂[38;5;102m▁[38;5;181;48;5;243m▄[38;5;223;48;5;249m▇[48;5;223m [48;5;247m▉[38;5;59;48;5;17m▏ [0m
[38;5;235;48;5;236m▘▆▉[38;5;236;48;5;237m▅[38;5;243;48;5;223m▎[38;5;223;48;5;217m▋[38;5;181m▗[38;5;138;48;5;175m╶[38;5;96;48;5;139m▃[38;5;60m▅[38;5;96;48;5;146m▆[38;5;139;48;5;60m▚[38;5;96;48;5;139m▁[38;5;103m▃[38;5;247;48;5;243m━[48;5;244m [38;5;251;48;5;60m▃[38;5;250;48;5;242m╱[38;5;240;48;5;252m▄[48;5;103m▊[38;5;60;48;5;139m▃[38;5;139;48;5;96m╍[38;5;146;48;5;60m╸[38;5;103m▝[38;5;60;48;5;102m▋[38;5;252;48;5;244m▝[38;5;253;48;5;243m▘[38;5;252m┒[38;5;145m▁[38;5;60;48;5;241m╵[38;5;240;48;5;244m▍[38;5;103m▚[48;5;60m▝[38;5;60;48;5;145m▁[38;5;239;48;5;103m▝[38;5;240;48;5;239m╴ [38;5;138;48;5;240m▄[38;5;217;48;5;138m▇[48;5;217m [48;5;223m▎ [38;5;181;48;5;239m▌[48;5;17m  [0m
[38;5;235;48;5;236m▆[48;5;235m  [48;5;237m▇[38;5;181;48;5;238m▝[48;5;217m [38;5;96;48;5;139m▃[38;5;60;48;5;244m▆[48;5;60m  [38;5;102m▗[38;5;103m▘  [38;5;240m┛[38;5;60;48;5;247m▇[48;5;255m▇[48;5;60m [38;5;238;48;5;239m▖[38;5;243;48;5;240m╽[48;5;60m    [38;5;60;48;5;238m▏[38;5;240;48;5;60m┓ [38;5;60;48;5;244m▇[48;5;248m▇[38;5;238;48;5;60m▎[48;5;240m╿[48;5;60m [38;5;244m╹ [38;5;60;48;5;103m▇[38;5;244;48;5;240m▏[38;5;240;48;5;96m▋[38;5;138;48;5;174m▃[38;5;174;48;5;181m▂[48;5;217m  [38;5;181;48;5;244m▉[38;5;60;48;5;236m▏[48;5;17m  [0m
[38;5;236;48;5;235m▄[38;5;237m▄▖ [38;5;234m╴[38;5;239;48;5;248m▅[48;5;240m╴[38;5;240;48;5;60m▂ ▗   [38;5;239m╱ [38;5;244m▖ [38;5;60;48;5;237m▌[38;5;138;48;5;240m▗[38;5;244;48;5;59m▏[48;5;60m   [38;5;240m▗[38;5;181;48;5;241m╻[38;5;238;48;5;103m▊[38;5;244;48;5;240m▏[38;5;240;48;5;60m▄ [38;5;60;48;5;239m▎[38;5;240;48;5;236m▉[38;5;237;48;5;60m▍ [38;5;239m╷[38;5;240m▆[38;5;60;48;5;240m╲[38;5;239m▇[38;5;240;48;5;96m▅[38;5;242;48;5;138m▅[38;5;96;48;5;174m▄[48;5;181m [38;5;181;48;5;237m▘[38;5;17;48;5;236m▆[48;5;17m  [0m
[38;5;236;48;5;235m▅ [38;5;235;48;5;236m▖[38;5;236;48;5;235m▉[38;5;237m▗[48;5;239m  [38;5;240;48;5;60m▘▗▌ ╻[38;5;60;48;5;240m▘[38;5;240;48;5;59m╴[38;5;181;48;5;243m▗[48;5;242m▏[48;5;60m [38;5;236;48;5;239m┨[38;5;95;48;5;174m▘[38;5;240;48;5;60m▊ [38;5;241m▄[38;5;60;48;5;59m╹[38;5;59;48;5;239m▊[48;5;181m▎[38;5;138;48;5;238m▖[38;5;103;48;5;240m▎ [38;5;240;48;5;59m▇[38;5;246;48;5;240m╷[48;5;239m [38;5;236;48;5;60m▋ [38;5;240m▝[38;5;60;48;5;240m╷[48;5;239m [38;5;240m▘ [38;5;239;48;5;240m▇[48;5;241m▆[38;5;241;48;5;239m▘[48;5;237m [38;5;238m━ [38;5;237;48;5;17m▅[0m
[38;5;234;48;5;236m▆[38;5;235;48;5;234m▝▊[38;5;234;48;5;235m╴[38;5;237;48;5;239m▌ [38;5;240;48;5;60m▍ [38;5;60;48;5;239m▘[38;5;244;48;5;60m▃ [38;5;240m▍[38;5;239;48;5;59m╷[38;5;139;48;5;242m▗[38;5;217;48;5;181m╴[38;5;240;48;5;242m╽[48;5;243m╼[38;5;239;48;5;138m▋[38;5;181;48;5;102m▉[38;5;239;48;5;242m▏[38;5;243;48;5;60m▃[48;5;242m▂[48;5;241m▃[38;5;244m▂[38;5;138;48;5;217m▏[38;5;95;48;5;181m▝[38;5;248;48;5;59m▏[38;5;242;48;5;240m▁[38;5;59m▄[48;5;181m▌[48;5;240m [38;5;239;48;5;237m▎[48;5;60m  [38;5;103;48;5;240m╻[38;5;240;48;5;239m▏    [38;5;236;48;5;238m╲[38;5;60;48;5;237m╲[48;5;236m [48;5;17m  [0m
[38;5;235;48;5;234m▃▁ [38;5;59;48;5;237m▖[38;5;238;48;5;239m▌[38;5;60m▗[48;5;60m [48;5;240m▘[38;5;239;48;5;60m▌[38;5;243m▗[48;5;240m▋[38;5;242;48;5;138m▉[38;5;181;48;5;243m▖[38;5;244;48;5;181m▘[38;5;138;48;5;223m▁[38;5;181;48;5;244m╻[38;5;138;48;5;95m▊[38;5;244;48;5;181m▍[48;5;223m [38;5;138;48;5;243m▄[48;5;102m▃[38;5;139m▄[38;5;181;48;5;244m▄[38;5;95;48;5;181m╹[38;5;223;48;5;224m▏[38;5;181m▗[48;5;243m▌[38;5;244m▂▂[38;5;243;48;5;181m▍[38;5;181;48;5;242m▖[38;5;59;48;5;238m▎[38;5;238;48;5;60m▎ [38;5;236m┃[38;5;237;48;5;239m▖  [38;5;238m▗ ▝[38;5;236;48;5;237m╴[38;5;67m╲[48;5;236m [38;5;237m▂[0m
[38;5;235;48;5;234m▘ [38;5;244;48;5;236m╻[38;5;235m╴[38;5;60;48;5;238m▗[48;5;60m [38;5;239m▗[48;5;239m [48;5;243m▎[38;5;102;48;5;244m▗[48;5;242m▎[38;5;243;48;5;181m▘[38;5;181;48;5;240m▘[38;5;251;48;5;239m▃[38;5;252m╼[38;5;246;48;5;238m┭[38;5;102;48;5;240m▃[38;5;95;48;5;187m▖[48;5;224m [38;5;138;48;5;187m╵[38;5;224;48;5;181m▄[38;5;223m▄▃[38;5;181;48;5;224m▏[38;5;230m╴[38;5;95;48;5;181m▅[38;5;145;48;5;59m▂[38;5;247;48;5;238m─[38;5;102;48;5;240m┒[38;5;241;48;5;181m▆[38;5;238;48;5;145m▄[38;5;239;48;5;241m▁[48;5;244m▍[38;5;243;48;5;60m▖[38;5;240;48;5;146m▉[38;5;244;48;5;237m▏[38;5;240;48;5;239m╴[38;5;239;48;5;238m▍ [38;5;238;48;5;239m▗ [38;5;237;48;5;240m▝[48;5;237m [38;5;61;48;5;239m╻[38;5;237;48;5;236m▁[0m
[38;5;233;48;5;234m▁[38;5;240m▗[38;5;59m▘[38;5;237;48;5;60m▉[38;5;103m▅╷[38;5;60;48;5;239m▎[38;5;239;48;5;238m▉[48;5;244m▏[38;5;102m▋[38;5;181;48;5;242m▗[48;5;238m▍[38;5;95;48;5;253m▘[38;5;244;48;5;251m▂[38;5;252;48;5;239m┑[38;5;17;48;5;238m┈[38;5;238;48;5;60m▄[38;5;60;48;5;188m▌[48;5;230m   [38;5;230;48;5;224m▆▇[48;5;230m [48;5;188m▇[38;5;250m╵[38;5;253;48;5;242m━[38;5;247;48;5;238m╴[38;5;60;48;5;239m▁[38;5;103;48;5;60m▝[38;5;254;48;5;244m╲[38;5;252;48;5;237m▖[38;5;236;48;5;243m▖[48;5;244m [38;5;240;48;5;248m▉[38;5;145;48;5;237m▏[38;5;237;48;5;239m▎[38;5;239;48;5;238m▋[38;5;238;48;5;239m▋[38;5;239;48;5;237m▊[38;5;237;48;5;239m▖[38;5;239;48;5;60m▊[38;5;60;48;5;238m▖▝▖[0m
[38;5;234;48;5;233m▁[38;5;242;48;5;235m╱[38;5;233m▉[38;5;244;48;5;240m╱[38;5;60;48;5;244m▇[38;5;239;48;5;60m▎[38;5;238;48;5;239m▎[38;5;239;48;5;237m▉[38;5;60;48;5;244m▏[38;5;102;48;5;246m▉[48;5;253m▍[38;5;240;48;5;187m▝[38;5;253;48;5;254m┊[38;5;254;48;5;238m▌[38;5;68;48;5;24m▅[38;5;110;48;5;61m▃▃[38;5;60;48;5;254m▋[38;5;255;48;5;230m▎      [38;5;254;48;5;17m▊[38;5;68;48;5;24m▅▁[38;5;61;48;5;60m▗[38;5;68;48;5;18m▄[38;5;237;48;5;188m▋[38;5;254;48;5;253m┊[38;5;236;48;5;243m▘[48;5;244m [38;5;251;48;5;241m▂[38;5;250;48;5;239m▁[38;5;237m▍[38;5;238m┃ [38;5;239;48;5;238m▉[38;5;237m▊[38;5;238;48;5;240m▏[38;5;60;48;5;59m▉[38;5;239;48;5;236m▖[38;5;60;48;5;238m┗[0m
[38;5;234;48;5;241m▊[38;5;241;48;5;233m▎[38;5;60;48;5;235m▗[48;5;60m [48;5;237m▌[48;5;238m▋[38;5;239;48;5;240m▏[38;5;240;48;5;236m▉[38;5;239;48;5;243m▏[38;5;243;48;5;102m▎[38;5;138;48;5;181m╵[38;5;230;48;5;224m┊[48;5;255m  [38;5;60;48;5;188m▘[38;5;152;48;5;116m▇[38;5;109;48;5;188m╼[38;5;255;48;5;254m┊[48;5;230m       [48;5;246m▊[38;5;103;48;5;152m▏[38;5;67m▁[38;5;152;48;5;68m▆[48;5;103m▚[38;5;103;48;5;255m▘[38;5;254;48;5;250m▉[38;5;242;48;5;244m▎[38;5;244;48;5;243m▍[38;5;138;48;5;251m▏[38;5;181;48;5;224m╾[38;5;254;48;5;242m▖[38;5;240;48;5;238m▎[48;5;239m [38;5;239;48;5;240m▉[48;5;237m▏▝[38;5;240;48;5;60m▖[38;5;238m▝[38;5;236;48;5;239m▉[0m
[38;5;236;48;5;60m▌[38;5;240;48;5;233m▃[38;5;239;48;5;60m▏[38;5;60;48;5;240m▊[48;5;236m [38;5;240;48;5;238m▘[48;5;240m [38;5;239;48;5;237m▊[38;5;237;48;5;241m▎[38;5;102;48;5;243m┡[38;5;188;48;5;244m▝[38;5;246;48;5;188m▌[48;5;224m     [48;5;230m       [38;5;224m▗[48;5;224m [48;5;255m▇[48;5;247m▇[48;5;224m [48;5;255m▆▇[38;5;254;48;5;243m▊[48;5;244m [38;5;243;48;5;145m▋[38;5;181;48;5;187m╸[38;5;224;48;5;252m▉[38;5;251;48;5;240m▌[38;5;240;48;5;238m▎[48;5;240m [38;5;239m▊[38;5;238;48;5;237m▎ [38;5;103;48;5;239m╷[48;5;60m [38;5;239m▝[0m
[38;5;103;48;5;237m┃[38;5;238;48;5;60m▌[38;5;103m╹[38;5;60;48;5;237m▍ [38;5;237;48;5;238m▍[48;5;240m [38;5;240;48;5;238m▍[38;5;237;48;5;241m▌[38;5;243;48;5;242m╵[38;5;102;48;5;60m▘[38;5;60;48;5;244m▉[38;5;145;48;5;224m▏[38;5;230m▄▄▄[48;5;230m   [38;5;224m▁▁[38;5;181m▁[38;5;138;48;5;255m▁[38;5;230m╴ [48;5;224m      [38;5;224;48;5;244m▘[38;5;243;48;5;241m▉[38;5;60;48;5;145m▂[38;5;239;48;5;188m▄[38;5;238;48;5;145m▆[48;5;240m▊[38;5;240;48;5;238m▎[38;5;238;48;5;239m▖[48;5;240m [38;5;239;48;5;237m▏ [38;5;237;48;5;244m▋[38;5;60;48;5;238m▝[48;5;60m [0m
[38;5;60;48;5;238m▌[38;5;239;48;5;60m▏ [38;5;238;48;5;237m▏ [48;5;239m▎ [38;5;236m╿[38;5;237m▊[48;5;241m [38;5;244;48;5;60m┕[38;5;239;48;5;240m╴[38;5;59;48;5;247m▇[38;5;242;48;5;254m▄[38;5;246;48;5;255m▁[48;5;230m   [38;5;230;48;5;254m▉[38;5;224;48;5;174m▄[38;5;217;48;5;138m▇[48;5;211m▆[38;5;230;48;5;217m▁[38;5;138;48;5;224m▘[48;5;230m  [38;5;230;48;5;224m▊ [38;5;248m▁[38;5;241;48;5;188m▃[38;5;240;48;5;248m▆[38;5;239;48;5;60m▍ [48;5;239m [48;5;238m┈╻[38;5;237;48;5;239m▋[38;5;239;48;5;238m╴ [48;5;240m▎[48;5;238m [38;5;238;48;5;237m▊[48;5;139m▉[38;5;146;48;5;239m▏[38;5;60;48;5;238m▝[0m
[38;5;60;48;5;59m▘[48;5;60m [48;5;237m▋[38;5;236;48;5;238m▎ [38;5;238;48;5;239m▍ [38;5;239;48;5;237m▌[38;5;238m┒[38;5;237;48;5;240m▍[38;5;59;48;5;239m▉[38;5;244;48;5;238m╲[38;5;237;48;5;239m▖[38;5;238m▄ [38;5;239;48;5;252m▆[38;5;240;48;5;254m▄▂[38;5;145;48;5;230m▁     [38;5;181m▂[38;5;138;48;5;224m▗[38;5;240;48;5;254m▄[48;5;188m▆[38;5;239;48;5;240m╴▂[38;5;237;48;5;239m╵[38;5;103;48;5;60m╱[38;5;238;48;5;239m┈[38;5;240;48;5;238m╻[38;5;239m┎[38;5;238;48;5;237m▘[38;5;237;48;5;239m▍  [38;5;239;48;5;238m▌ [38;5;237m╻[38;5;239;48;5;139m▉[38;5;146;48;5;60m▏[38;5;60;48;5;239m╻[0m
[38;5;103;48;5;59m┃[38;5;60;48;5;96m▎[48;5;237m▎[38;5;237;48;5;239m▌[38;5;239;48;5;238m▂[38;5;238;48;5;239m▊ [38;5;239;48;5;237m▊[38;5;238m┕[38;5;237;48;5;238m▉[38;5;239;48;5;59m▏[38;5;59;48;5;239m╴[38;5;243;48;5;240m┐[48;5;238m [38;5;237m╶[38;5;236;48;5;237m╻[38;5;237;48;5;238m▅[48;5;239m▅[38;5;238;48;5;249m▊[48;5;187m [38;5;181;48;5;230m▆[38;5;180;48;5;224m▆▇[38;5;216;48;5;180m▇▆[38;5;181;48;5;239m▊[38;5;238m▄[38;5;237;48;5;238m▄[38;5;238;48;5;239m▄[38;5;237;48;5;238m╷[38;5;240;48;5;60m▋[38;5;60;48;5;237m▘[38;5;237;48;5;238m╱[48;5;239m [38;5;238;48;5;237m▎ [48;5;239m▏    [48;5;238m [38;5;239;48;5;103m▋[48;5;60m [38;5;237;48;5;239m┊[0m
[38;5;238;48;5;103m▍[38;5;103;48;5;244m▖[38;5;239;48;5;237m▏[38;5;237;48;5;239m▋[38;5;60;48;5;240m┳[38;5;240;48;5;239m▅▂ [38;5;244;48;5;238m▁[38;5;246;48;5;237m▁[38;5;103;48;5;238m▁[38;5;60;48;5;59m╴[38;5;244;48;5;238m▁[38;5;251;48;5;239m▂[38;5;248;48;5;238m▂[38;5;250;48;5;237m▃[38;5;145;48;5;238m▅[38;5;181;48;5;239m▇[38;5;247;48;5;224m▘[48;5;223m  [38;5;223;48;5;217m▆▅▄  [38;5;249;48;5;238m▆[38;5;246;48;5;237m▅[38;5;247;48;5;238m▖[38;5;239;48;5;240m┊[38;5;60;48;5;238m┛[38;5;237m▌[48;5;239m  [38;5;239;48;5;238m▋[38;5;237m┚[38;5;239;48;5;240m▏[38;5;240;48;5;239m▄▋ [38;5;60m╱ [38;5;139;48;5;60m╹ [38;5;60;48;5;237m▌[0m
[38;5;237;48;5;60m▎[38;5;244;48;5;239m▉[38;5;240;48;5;236m▖[38;5;237;48;5;238m▊[38;5;239;48;5;60m▗ [38;5;60;48;5;240m▆[38;5;254;48;5;60m▗[38;5;244;48;5;188m▘[38;5;251;48;5;244m▉[38;5;240;48;5;253m▋[38;5;242;48;5;254m▝[38;5;246;48;5;59m▁[38;5;59;48;5;251m▖[48;5;252m [38;5;251;48;5;240m▉[38;5;224;48;5;223m▅[48;5;224m  [48;5;223m       [48;5;181m [38;5;240;48;5;248m▗[38;5;246;48;5;240m▗[38;5;250;48;5;60m▆[38;5;251;48;5;236m▆[38;5;252;48;5;237m▅[38;5;247;48;5;239m▖[38;5;250m▄[38;5;251m▄[38;5;253m▖[48;5;60m [38;5;60;48;5;240m▌[38;5;239m┊[38;5;103;48;5;238m╱[38;5;237m╴[38;5;103;48;5;60m╱ [38;5;238m╽[38;5;244;48;5;237m▎[0m
[38;5;236;48;5;244m▍[38;5;96;48;5;238m▊[38;5;240;48;5;237m╵[38;5;60m╸[48;5;239m┗[38;5;239;48;5;237m▝[38;5;60;48;5;250m▘[38;5;254;48;5;231m▏[38;5;249;48;5;254m╏[38;5;246;48;5;188m╵[38;5;253;48;5;243m▍[38;5;247;48;5;231m▖[38;5;255;48;5;145m▇[38;5;253;48;5;242m▃[38;5;241;48;5;250m▖[38;5;253;48;5;244m▉[38;5;244;48;5;224m▏[38;5;252m▁ [48;5;223m     [38;5;181m╷[38;5;144;48;5;251m╴[38;5;241;48;5;145m▄[38;5;253;48;5;241m▃[48;5;248m▇[38;5;231;48;5;252m▂[38;5;252;48;5;253m╴[38;5;240;48;5;145m┏[38;5;239;48;5;252m▘[38;5;188;48;5;251m┈[38;5;244m┄[38;5;248;48;5;252m▘[38;5;145;48;5;60m▅[38;5;103m▗[48;5;240m┛[38;5;236;48;5;237m┊[38;5;103;48;5;239m╱[48;5;60m [38;5;239m▗[38;5;237m▍[48;5;236m [0m
[?25h